1.000000 -1.000000 -9026.573227
1.000000 -0.897436 -9026.341227
1.000000 -0.794872 -9026.098113
1.000000 -0.692308 -9025.843154
1.000000 -0.589744 -9025.575561
1.000000 -0.487179 -9025.294481
1.000000 -0.384615 -9024.998991
1.000000 -0.282051 -9024.688091
1.000000 -0.179487 -9024.360698
1.000000 -0.076923 -9024.015637
1.000000 0.025641 -9023.651632
1.000000 0.128205 -9023.267300
1.000000 0.230769 -9022.861134
1.000000 0.333333 -9022.431499
1.000000 0.435897 -9021.976615
1.000000 0.538462 -9021.494544
1.000000 0.641026 -9020.983177
1.000000 0.743590 -9020.440218
1.000000 0.846154 -9019.863166
1.000000 0.948718 -9019.249299
1.000000 1.051282 -9018.595651
1.000000 1.153846 -9017.898999
1.000000 1.256410 -9017.155834
1.000000 1.358974 -9016.362348
1.000000 -1.000000 -9026.573227
1.000000 -0.897436 -9026.341227
1.000000 -0.794872 -9026.098113
1.000000 -0.692308 -9025.843154
1.000000 -0.589744 -9025.575561
1.000000 -0.487179 -9025.294481
1.000000 -0.384615 -9024.998991
1.000000 -0.282051 -9024.688091
1.000000 -0.179487 -9024.360698
1.000000 -0.076923 -9024.015637
1.000000 0.025641 -9023.651632
1.000000 0.128205 -9023.267300
1.000000 0.230769 -9022.861134
1.000000 0.333333 -9022.431499
1.000000 0.435897 -9021.976615
1.000000 0.538462 -9021.494544
1.000000 0.641026 -9020.983177
1.000000 0.743590 -9020.440218
1.000000 0.846154 -9019.863166
1.000000 0.948718 -9019.249299
1.000000 1.051282 -9018.595651
1.000000 1.153846 -9017.898999
1.000000 1.256410 -9017.155834
1.000000 1.358974 -9016.362348
1.000000 1.461538 -9015.514409
1.000000 1.564103 -9014.607543
1.000000 1.666667 -9013.636917
1.000000 1.769231 -9012.597325
1.000000 1.871795 -9011.483184
1.000000 1.974359 -9010.288527
1.000000 2.076923 -9009.007025
1.000000 2.179487 -9007.632005
1.000000 2.282051 -9006.156511
1.000000 2.384615 -9004.573377
1.000000 2.487179 -9002.875350
1.000000 2.589744 -9001.055256
1.000000 2.692308 -8999.106241
1.000000 2.794872 -8997.022088
1.000000 2.897436 -8994.797644
1.000000 3.000000 -8992.429383
2.256410 -1.000000 -9008.700600
2.256410 -0.897436 -9007.766005
2.256410 -0.794872 -9006.792774
2.256410 -0.692308 -9005.778646
2.256410 -0.589744 -9004.721210
2.256410 -0.487179 -9003.617889
2.256410 -0.384615 -9002.465928
2.256410 -0.282051 -9001.262389
2.256410 -0.179487 -9000.004131
2.256410 -0.076923 -8998.687806
2.256410 0.025641 -8997.309843
2.256410 0.128205 -8995.866439
2.256410 0.230769 -8994.353552
2.256410 0.333333 -8992.766890
2.256410 0.435897 -8991.101913
2.256410 0.538462 -8989.353829
2.256410 0.641026 -8987.517602
2.256410 0.743590 -8985.587968
2.256410 0.846154 -8983.559454
2.256410 0.948718 -8981.426423
2.256410 1.051282 -8979.183122
2.256410 1.153846 -8976.823758
2.256410 1.256410 -8974.342604
2.256410 1.358974 -8971.734129
2.256410 1.461538 -8968.993178
2.256410 1.564103 -8966.115192
2.256410 1.666667 -8963.096497
2.256410 1.769231 -8959.934657
2.256410 1.871795 -8956.628918
2.256410 1.974359 -8953.180740
2.256410 2.076923 -8949.594457
2.256410 2.179487 -8945.878058
2.256410 2.282051 -8942.044114
2.256410 2.384615 -8938.110877
2.256410 2.487179 -8934.103548
2.256410 2.589744 -8930.055737
2.256410 2.692308 -8926.011127
2.256410 2.794872 -8922.025326
2.256410 2.897436 -8918.167919
2.256410 3.000000 -8914.524679
3.512821 -1.000000 -8987.548196
3.512821 -0.897436 -8985.891527
3.512821 -0.794872 -8984.177922
3.512821 -0.692308 -8982.404400
3.512821 -0.589744 -8980.567820
3.512821 -0.487179 -8978.664875
3.512821 -0.384615 -8976.692090
3.512821 -0.282051 -8974.645822
3.512821 -0.179487 -8972.522268
3.512821 -0.076923 -8970.317471
3.512821 0.025641 -8968.027336
3.512821 0.128205 -8965.647660
3.512821 0.230769 -8963.174163
3.512821 0.333333 -8960.602536
3.512821 0.435897 -8957.928513
3.512821 0.538462 -8955.147951
3.512821 0.641026 -8952.256947
3.512821 0.743590 -8949.251975
3.512821 0.846154 -8946.130067
3.512821 0.948718 -8942.889030
3.512821 1.051282 -8939.527720
3.512821 1.153846 -8936.046364
3.512821 1.256410 -8932.446952
3.512821 1.358974 -8928.733703
3.512821 1.461538 -8924.913607
3.512821 1.564103 -8920.997057
3.512821 1.666667 -8916.998578
3.512821 1.769231 -8912.937655
3.512821 1.871795 -8908.839662
3.512821 1.974359 -8904.736910
3.512821 2.076923 -8900.669791
3.512821 2.179487 -8896.688043
3.512821 2.282051 -8892.852103
3.512821 2.384615 -8889.234555
3.512821 2.487179 -8885.921649
3.512821 2.589744 -8883.014853
3.512821 2.692308 -8880.632407
3.512821 2.794872 -8878.910849
3.512821 2.897436 -8878.006438
3.512821 3.000000 -8878.096467
4.769231 -1.000000 -8967.656161
4.769231 -0.897436 -8965.456646
4.769231 -0.794872 -8963.193874
4.769231 -0.692308 -8960.864741
4.769231 -0.589744 -8958.466032
4.769231 -0.487179 -8955.994436
4.769231 -0.384615 -8953.446568
4.769231 -0.282051 -8950.818999
4.769231 -0.179487 -8948.108301
4.769231 -0.076923 -8945.311101
4.769231 0.025641 -8942.424158
4.769231 0.128205 -8939.444457
4.769231 0.230769 -8936.369328
4.769231 0.333333 -8933.196594
4.769231 0.435897 -8929.924759
4.769231 0.538462 -8926.553223
4.769231 0.641026 -8923.082551
4.769231 0.743590 -8919.514786
4.769231 0.846154 -8915.853819
4.769231 0.948718 -8912.105813
4.769231 1.051282 -8908.279695
4.769231 1.153846 -8904.387704
4.769231 1.256410 -8900.446016
4.769231 1.358974 -8896.475430
4.769231 1.461538 -8892.502119
4.769231 1.564103 -8888.558460
4.769231 1.666667 -8884.683917
4.769231 1.769231 -8880.925998
4.769231 1.871795 -8877.341268
4.769231 1.974359 -8873.996412
4.769231 2.076923 -8870.969353
4.769231 2.179487 -8868.350385
4.769231 2.282051 -8866.243316
4.769231 2.384615 -8864.766587
4.769231 2.487179 -8864.054326
4.769231 2.589744 -8864.257323
4.769231 2.692308 -8865.543898
4.769231 2.794872 -8868.100669
4.769231 2.897436 -8872.133226
4.769231 3.000000 -8877.866752
6.025641 -1.000000 -8950.394090
6.025641 -0.897436 -8947.831969
6.025641 -0.794872 -8945.206833
6.025641 -0.692308 -8942.515705
6.025641 -0.589744 -8939.755610
6.025641 -0.487179 -8936.923620
6.025641 -0.384615 -8934.016919
6.025641 -0.282051 -8931.032884
6.025641 -0.179487 -8927.969189
6.025641 -0.076923 -8924.823932
6.025641 0.025641 -8921.595790
6.025641 0.128205 -8918.284208
6.025641 0.230769 -8914.889625
6.025641 0.333333 -8911.413734
6.025641 0.435897 -8907.859797
6.025641 0.538462 -8904.232991
6.025641 0.641026 -8900.540811
6.025641 0.743590 -8896.793523
6.025641 0.846154 -8893.004660
6.025641 0.948718 -8889.191565
6.025641 1.051282 -8885.375989
6.025641 1.153846 -8881.584721
6.025641 1.256410 -8877.850274
6.025641 1.358974 -8874.211595
6.025641 1.461538 -8870.714832
6.025641 1.564103 -8867.414128
6.025641 1.666667 -8864.372459
6.025641 1.769231 -8861.662500
6.025641 1.871795 -8859.367522
6.025641 1.974359 -8857.582294
6.025641 2.076923 -8856.413981
6.025641 2.179487 -8855.982997
6.025641 2.282051 -8856.423803
6.025641 2.384615 -8857.885629
6.025641 2.487179 -8860.533110
6.025641 2.589744 -8864.546853
6.025641 2.692308 -8870.123981
6.025641 2.794872 -8877.478679
6.025641 2.897436 -8886.842780
6.025641 3.000000 -8898.466400
7.282051 -1.000000 -8935.836281
7.282051 -0.897436 -8933.043848
7.282051 -0.794872 -8930.191357
7.282051 -0.692308 -8927.276185
7.282051 -0.589744 -8924.295898
7.282051 -0.487179 -8921.248351
7.282051 -0.384615 -8918.131805
7.282051 -0.282051 -8914.945072
7.282051 -0.179487 -8911.687691
7.282051 -0.076923 -8908.360136
7.282051 0.025641 -8904.964056
7.282051 0.128205 -8901.502553
7.282051 0.230769 -8897.980505
7.282051 0.333333 -8894.404917
7.282051 0.435897 -8890.785319
7.282051 0.538462 -8887.134202
7.282051 0.641026 -8883.467481
7.282051 0.743590 -8879.805003
7.282051 0.846154 -8876.171070
7.282051 0.948718 -8872.595002
7.282051 1.051282 -8869.111716
7.282051 1.153846 -8865.762334
7.282051 1.256410 -8862.594813
7.282051 1.358974 -8859.664607
7.282051 1.461538 -8857.035355
7.282051 1.564103 -8854.779601
7.282051 1.666667 -8852.979533
7.282051 1.769231 -8851.727746
7.282051 1.871795 -8851.127987
7.282051 1.974359 -8851.295884
7.282051 2.076923 -8852.359617
7.282051 2.179487 -8854.460528
7.282051 2.282051 -8857.753658
7.282051 2.384615 -8862.408246
7.282051 2.487179 -8868.608207
7.282051 2.589744 -8876.552651
7.282051 2.692308 -8886.456472
7.282051 2.794872 -8898.551016
7.282051 2.897436 -8913.084805
7.282051 3.000000 -8930.324243
8.538462 -1.000000 -8923.646334
8.538462 -0.897436 -8920.712310
8.538462 -0.794872 -8917.722325
1.000000 -1.000000 -9026.573227
1.000000 -0.897436 -9026.341227
1.000000 -0.794872 -9026.098113
1.000000 -0.692308 -9025.843154
1.000000 -0.589744 -9025.575561
1.000000 -0.487179 -9025.294481
1.000000 -0.384615 -9024.998991
1.000000 -0.282051 -9024.688091
1.000000 -0.179487 -9024.360698
1.000000 -0.076923 -9024.015637
1.000000 0.025641 -9023.651632
1.000000 0.128205 -9023.267300
1.000000 0.230769 -9022.861134
1.000000 0.333333 -9022.431499
1.000000 0.435897 -9021.976615
1.000000 0.538462 -9021.494544
1.000000 -1.000000 -9026.573227
1.000000 -0.897436 -9026.341227
1.000000 -0.794872 -9026.098113
1.000000 -0.692308 -9025.843154
1.000000 -0.589744 -9025.575561
1.000000 -0.487179 -9025.294481
1.000000 -0.384615 -9024.998991
1.000000 -0.282051 -9024.688091
1.000000 -0.179487 -9024.360698
1.000000 -0.076923 -9024.015637
1.000000 0.025641 -9023.651632
1.000000 0.128205 -9023.267300
1.000000 0.230769 -9022.861134
1.000000 0.333333 -9022.431499
1.000000 0.435897 -9021.976615
1.000000 0.538462 -9021.494544
1.000000 0.641026 -9020.983177
1.000000 0.743590 -9020.440218
1.000000 0.846154 -9019.863166
1.000000 0.948718 -9019.249299
1.000000 1.051282 -9018.595651
1.000000 1.153846 -9017.898999
1.000000 1.256410 -9017.155834
1.000000 1.358974 -9016.362348
1.000000 1.461538 -9015.514409
1.000000 1.564103 -9014.607543
1.000000 1.666667 -9013.636917
1.000000 1.769231 -9012.597325
1.000000 1.871795 -9011.483184
1.000000 1.974359 -9010.288527
1.000000 2.076923 -9009.007025
1.000000 2.179487 -9007.632005
1.000000 2.282051 -9006.156511
1.000000 2.384615 -9004.573377
1.000000 2.487179 -9002.875350
1.000000 2.589744 -9001.055256
1.000000 2.692308 -8999.106241
1.000000 2.794872 -8997.022088
1.000000 2.897436 -8994.797644
1.000000 3.000000 -8992.429383
2.256410 -1.000000 -9008.700600
2.256410 -0.897436 -9007.766005
2.256410 -0.794872 -9006.792774
2.256410 -0.692308 -9005.778646
2.256410 -0.589744 -9004.721210
2.256410 -0.487179 -9003.617889
2.256410 -0.384615 -9002.465928
2.256410 -0.282051 -9001.262389
2.256410 -0.179487 -9000.004131
2.256410 -0.076923 -8998.687806
2.256410 0.025641 -8997.309843
2.256410 0.128205 -8995.866439
2.256410 0.230769 -8994.353552
2.256410 0.333333 -8992.766890
2.256410 0.435897 -8991.101913
2.256410 0.538462 -8989.353829
2.256410 0.641026 -8987.517602
2.256410 0.743590 -8985.587968
2.256410 0.846154 -8983.559454
2.256410 0.948718 -8981.426423
2.256410 1.051282 -8979.183122
2.256410 1.153846 -8976.823758
2.256410 1.256410 -8974.342604
2.256410 1.358974 -8971.734129
2.256410 1.461538 -8968.993178
2.256410 1.564103 -8966.115192
2.256410 1.666667 -8963.096497
2.256410 1.769231 -8959.934657
2.256410 1.871795 -8956.628918
2.256410 1.974359 -8953.180740
2.256410 2.076923 -8949.594457
2.256410 2.179487 -8945.878058
2.256410 2.282051 -8942.044114
2.256410 2.384615 -8938.110877
2.256410 2.487179 -8934.103548
2.256410 2.589744 -8930.055737
2.256410 2.692308 -8926.011127
2.256410 2.794872 -8922.025326
2.256410 2.897436 -8918.167919
2.256410 3.000000 -8914.524679
3.512821 -1.000000 -8987.548196
3.512821 -0.897436 -8985.891527
3.512821 -0.794872 -8984.177922
3.512821 -0.692308 -8982.404400
3.512821 -0.589744 -8980.567820
3.512821 -0.487179 -8978.664875
3.512821 -0.384615 -8976.692090
3.512821 -0.282051 -8974.645822
3.512821 -0.179487 -8972.522268
3.512821 -0.076923 -8970.317471
3.512821 0.025641 -8968.027336
3.512821 0.128205 -8965.647660
3.512821 0.230769 -8963.174163
3.512821 0.333333 -8960.602536
3.512821 0.435897 -8957.928513
3.512821 0.538462 -8955.147951
3.512821 0.641026 -8952.256947
3.512821 0.743590 -8949.251975
3.512821 0.846154 -8946.130067
3.512821 0.948718 -8942.889030
3.512821 1.051282 -8939.527720
1.000000 -1.000000 -9026.573227
1.000000 -0.897436 -9026.341227
1.000000 -0.794872 -9026.098113
1.000000 -0.692308 -9025.843154
1.000000 -0.589744 -9025.575561
1.000000 -0.487179 -9025.294481
