-1.051161
-1.012949
-1.218108
0.761536
-0.502401
0.798639
1.442764
1.259380
-0.075531
-0.728923
-0.123984
-0.113943
-0.348305
0.069695
0.226756
-1.076202
0.849378
1.161480
0.493588
-0.008308
0.047800
-1.413871
-0.129079
-0.747144
0.734330
-1.484762
-0.212401
0.357769
-0.379116
-0.142058
0.053970
-0.344940
0.869589
-0.558069
-0.476422
0.142071
-0.516976
-2.536689
0.100947
0.427407
-0.686570
0.195952
-0.249137
-1.472583
0.124838
0.600427
1.984523
1.203374
-0.436170
-0.252071
-0.231978
-0.947841
-0.295951
0.436192
-0.502685
-1.339995
-0.547865
-1.530902
0.591938
0.167937
0.108539
1.251905
-0.418270
0.011039
-1.298203
0.065097
-0.060035
0.485218
-0.048459
1.731698
-0.762567
-0.090224
0.696567
1.591998
0.971951
-1.178844
-1.613378
-1.336939
-1.221711
-0.821911
-0.083100
-0.628349
0.460811
1.110557
1.337164
0.756983
-0.210171
1.664230
0.046346
0.319171
-1.076096
0.855012
0.500059
0.216505
-0.310643
-2.429290
0.203758
0.110656
-0.205629
0.402181
-1.523590
0.254669
-1.596641
-0.090015
-0.405107
-1.538657
0.015832
-1.269530
-0.385607
-1.660235
0.484475
-0.992229
1.133971
-0.412248
2.379918
3.217034
1.257567
-1.923328
-0.419383
-1.227352
-0.397509
0.903900
-2.616747
0.697182
0.602737
-0.780461
-0.856426
-0.817002
0.404244
-0.550331
0.598003
-2.624419
-0.880279
0.012586
-1.541491
-1.381380
-1.505902
-1.460855
-2.528768
-0.253818
0.440502
-0.174492
1.161065
1.012267
0.181926
-1.091526
0.631288
-0.614872
0.526651
0.143195
-0.113775
-1.502573
-2.461936
-0.489947
-0.254652
0.155244
-0.528147
0.162997
-0.660087
-0.348352
0.504944
1.380599
1.064955
-0.211266
-0.374442
-1.829647
0.495838
-1.726053
0.145043
-0.619279
-1.737613
-0.693429
-0.209081
-0.364292
-1.002467
0.105122
-0.007974
1.872236
0.737899
1.575179
-0.441103
-1.166501
-1.132910
0.306006
0.261977
-0.738184
-1.817256
-1.215978
-0.559025
-0.850910
-1.556676
-0.510904
-0.480227
-0.847411
0.668790
0.557808
0.316850
0.580446
-1.027740
0.934362
-1.076303
0.354124
0.487185
0.137429
-0.763217
0.286345
-0.814983
-0.580085
0.215785
-0.045085
-0.333971
-2.058127
-1.723603
-0.112473
-0.919112
1.144234
0.390345
1.124936
1.460762
-0.078622
-0.880171
-0.110831
-0.388833
1.102783
-0.013633
-1.005648
-1.393155
-2.368090
-1.422068
-0.405781
-1.617072
-1.405507
-0.723993
-0.311751
0.769509
0.493173
0.089930
-2.256877
-0.656200
-1.429681
1.069304
-0.353422
1.324590
0.615120
-0.098359
-0.340614
-1.237747
1.172422
-1.410325
-0.309937
-0.412030
0.681443
0.199284
-0.193485
-0.269204
-1.247799
-1.038926
-1.765040
-0.129747
0.423703
-0.469744
0.598712
1.719802
-0.193349
-0.696012
-1.464278
0.918370
-1.430394
0.621228
-1.184692
-1.301781
-2.096321
-2.011809
-2.238576
-1.064557
0.815601
-2.131136
0.194653
-0.006626
-1.499205
1.006870
-1.046581
0.276556
-0.914845
-0.895633
-0.564454
0.154770
1.696667
-0.262468
-0.276022
0.241780
1.159739
-0.144892
1.475883
1.811243
-1.649119
-0.165619
0.775129
0.123799
-0.164215
-1.173573
-0.299929
0.263837
-0.267859
2.298717
-0.094694
-0.230599
0.696700
1.364719
1.450287
0.127093
-0.003910
-0.871304
-0.237457
0.709079
0.267057
0.866460
1.275064
-0.195322
-2.603082
-0.799578
-1.184916
-0.537815
-1.487394
-1.361145
0.134764
-0.617847
-2.295225
-1.485857
-0.972903
0.050379
-0.689926
-0.266461
-0.442484
-1.912526
0.634094
-0.168276
0.234753
0.389864
-0.020696
0.785820
0.677133
1.610446
-1.845327
0.497943
-0.028320
-1.397274
-0.946634
-0.179579
0.314373
0.443111
0.294977
-0.962601
-0.288622
-1.686705
-0.345426
-1.524443
-1.017346
-0.452529
0.987553
0.651641
1.133817
-0.905240
-0.471029
-0.606142
-1.861502
1.862428
-0.957024
-0.274187
-0.244777
0.439589
-0.181330
-1.709014
1.059417
-0.335902
-0.434744
-0.089217
-0.393318
-2.312600
-1.384083
-0.320000
-1.005238
-0.790158
-0.382530
-0.954784
-1.856782
-1.096535
0.451954
-0.330035
-1.627584
0.139640
0.561106
0.102377
-0.003477
0.936647
1.461193
-1.452762
-0.175776
0.906581
-1.036887
0.303580
-2.095344
-0.313083
0.939170
0.844013
0.655352
-0.748135
0.144848
-1.122662
0.762314
0.305061
-0.098937
1.097735
-0.331859
0.377429
0.938540
1.242475
0.753203
0.401448
-0.821361
0.056817
-1.340350
-0.739532
0.353299
-0.501199
-0.674463
2.773524
0.468496
0.755026
0.131961
0.283179
0.839448
-0.923254
-1.136255
0.652440
-1.816998
-0.575066
0.487730
0.791272
-0.425598
0.246974
0.044488
-0.104159
-0.263205
0.089004
-0.259275
0.341823
-0.033338
0.741296
0.455909
0.159816
0.732569
1.223109
-0.025368
0.622245
-1.660557
-1.113415
0.895729
-0.849801
-0.611385
-1.802997
-1.346216
0.420085
-0.004991
0.164440
0.549561
0.292638
0.262945
0.764710
-0.389561
-0.622624
-2.068050
-1.116270
0.243136
-1.572954
0.783292
0.271761
0.707746
-0.614635
-0.328253
-0.004308
-1.262676
-0.312625
0.029961
0.522968
0.079114
1.219947
0.192654
0.432402
0.068769
2.771718
0.265615
-2.215181
-0.302534
-1.337385
0.275502
-0.654319
-1.677900
1.328412
-1.986851
-0.747992
-0.450948
-1.360537
0.139320
0.448374
1.331819
-1.299668
-0.562614
-0.467405
0.695270
-1.625630
2.462863
-0.099596
1.473640
-0.676585
0.814268
0.689078
-0.354381
-0.258555
-1.334348
0.348890
-1.975133
-2.357228
-1.334147
-0.653506
-1.075761
-1.836082
-0.421457
0.033426
1.008120
0.006182
-0.000021
-0.786019
-1.335923
-1.659573
-0.540553
-2.170952
-0.562387
-2.745996
-0.152894
0.157648
-0.516842
-0.619761
-0.341102
-0.282109
-0.466804
0.620741
-0.562860
0.696345
0.157682
-0.490899
-0.149628
0.566201
1.559045
0.203371
0.611383
-0.197286
-2.010853
-0.832869
-0.809550
0.238985
-0.741613
0.799498
-1.700757
0.866649
-0.864702
-1.048072
-0.264534
-0.266533
0.220953
-1.216404
-0.772418
-0.093958
-1.851516
0.362437
-0.439341
-0.617318
-1.332167
0.235012
1.607857
0.726370
-0.416028
-1.389897
0.662860
-0.929650
2.154703
-0.054925
-0.526491
0.918752
-0.611622
0.320862
0.351182
-1.022777
0.680470
0.691361
0.689865
1.237934
0.619678
0.378082
2.508355
-0.271052
0.849700
0.078540
-0.121330
0.560581
-0.638237
0.898508
0.593739
0.925223
1.573245
1.353212
-1.294009
0.347752
-0.813425
-1.118905
0.782208
1.439718
0.153894
0.687328
-1.264253
0.462302
1.101335
-0.350493
-1.421943
0.480007
0.423678
-1.398147
2.102492
-0.429001
-0.135604
-0.529809
0.508632
-0.483666
1.387693
-0.532486
-0.800677
0.599938
-0.367653
0.222672
-0.146720
0.241868
1.555058
3.579102
-0.826716
-0.324244
0.222150
-1.164328
-0.241890
-0.707484
-0.001904
-0.263581
-0.709844
0.284440
1.580143
0.929581
-0.803391
1.946231
-1.041840
0.705400
-1.123807
0.463802
0.386689
-0.323867
0.798964
-0.097857
1.979944
-0.400227
0.556777
1.706814
-0.367968
1.474386
1.425907
0.497656
0.320211
0.449995
0.549032
-0.215038
0.106902
0.893119
2.391515
2.292797
-1.645626
0.501987
-0.453581
-1.375062
-0.650676
-2.417240
-0.372137
-1.319079
-1.169265
0.675048
1.586482
0.054914
2.131735
-0.515704
-1.947433
-2.088540
-1.961182
0.067578
0.419187
-0.439759
0.874801
0.731882
1.837692
1.824140
1.203578
-0.736168
0.835530
0.478657
0.804899
0.788193
1.100410
0.428019
0.277622
-0.027850
-0.418998
0.957448
-0.233456
0.548559
0.719204
-1.923028
-1.217598
-1.364440
1.075673
0.883849
0.198976
0.631485
0.861135
-0.506011
0.636991
-1.344236
-0.844394
1.319669
0.599886
-0.140769
1.728027
-0.060276
1.075985
-0.046090
0.989527
0.805610
0.726693
-0.115445
-0.274600
0.449047
-0.597768
-0.281843
-0.514504
0.003235
-0.803492
-0.835035
0.186676
1.074300
0.165759
1.363744
-0.907451
-1.290259
-0.142583
-1.072619
-0.022959
0.035075
0.453918
1.200937
0.085288
1.830064
2.820873
-0.917002
-1.076128
0.092697
0.131546
1.438538
1.877649
0.112490
2.752016
-1.356930
-2.257014
-0.016166
-1.567517
-2.802934
1.056984
-0.657848
0.428503
-0.465599
-1.669294
3.057614
-1.044407
-0.291913
-1.396714
0.839409
-0.955964
-0.481158
0.834445
0.718426
1.290442
-0.845998
1.466910
0.694074
1.735881
1.378371
0.523102
0.063343
1.286129
0.382230
1.341867
-0.952971
1.072631
0.546099
-0.753820
0.190857
-0.176622
-0.729903
-0.041190
1.879593
-0.088005
1.829642
-0.189454
1.238749
0.025545
-1.043657
-0.748820
-0.949803
1.226399
1.218183
1.586358
2.574056
1.569424
-1.694671
0.506560
0.986930
0.888009
-0.667385
-0.327989
0.537441
-0.613812
-0.158647
-0.673646
-1.608758
0.701592
1.437618
0.003801
2.012274
0.534214
0.204114
3.279070
-0.554845
-0.075424
-0.993991
1.425425
0.219431
0.090787
0.710817
0.327801
-0.348590
0.476598
-0.673787
0.869111
0.340219
1.835076
2.320726
1.063942
-0.372641
-1.198572
0.151599
-2.435750
-0.623948
0.850913
0.332548
-0.389577
-0.043464
-0.489102
2.193953
2.011993
1.175702
1.166706
0.591247
0.575190
0.279364
-0.254176
0.837965
-1.559425
1.585198
2.151267
0.191037
3.101909
3.152299
1.401497
0.166233
0.913830
0.606432
0.106073
0.497152
2.011864
0.267057
-0.672527
-0.276589
2.270877
1.022398
-0.170642
0.157667
1.551473
0.557976
1.206187
-0.961654
-1.546120
0.391113
0.392961
0.324987
-0.510322
0.176607
0.045856
0.327870
0.077644
0.410870
0.927729
1.100849
0.111226
1.406873
-0.533733
-0.340499
0.185554
-0.114206
1.171015
1.034185
2.075690
-0.561883
-0.185152
-0.905786
0.237266
2.178485
0.224219
-0.500000
0.222225
0.295979
-1.917358
1.854473
1.374477
0.456981
0.195971
-1.110630
0.172310
0.789382
-0.015720
-0.337913
1.355193
0.107514
0.543171
0.417507
0.520301
0.065819
1.018051
1.965327
-1.459876
0.028079
-0.138460
0.640146
0.965830
-1.523012
1.241684
-0.324844
1.050385
1.127033
-1.254195
-0.476850
-1.236583
0.929983
-1.029102
-1.157850
-0.356401
2.141008
-0.699762
0.377932
2.039902
1.124242
0.051730
0.162209
-0.367260
0.595273
0.515677
2.938759
-0.648577
-0.322621
-0.933579
-1.504544
-1.409399
0.607575
-0.616083
0.080047
1.366313
0.648870
-1.281616
-0.298368
0.821376
-0.015558
0.378083
-0.740131
0.097572
0.431967
0.319444
-0.452910
1.308128
-1.937213
0.453703
-0.303652
0.523545
0.393597
1.892449
1.902869
2.373883
0.410030
-0.216290
-0.008406
-0.409054
-0.552149
0.920898
-0.455310
-0.347587
-2.778165
-2.014659
-0.019234
-0.845611
-1.505810
-3.780239
-2.151229
-0.517900
-2.167121
1.935756
0.580952
-0.348811
0.485048
-0.721847
-1.662693
-0.299637
0.951487
-0.105314
0.663410
-0.566194
-2.352487
-2.039167
-0.068506
0.330770
2.665232
1.703624
0.233109
0.571475
-1.205695
-0.094347
0.847262
-0.483636
-0.495635
0.236759
-0.591512
-0.188869
1.392903
1.213531
1.410779
-0.246608
-1.111512
-1.204256
0.067036
-0.587059
-0.672948
-2.037487
-0.344027
-0.422580
3.013410
0.461010
1.168599
1.141566
-0.503025
2.284518
0.386916
0.337894
0.141671
-0.188279
-0.069443
-0.069695
-0.777259
0.108808
-2.379909
-3.059124
-1.147868
-1.346779
0.066864
0.926390
-0.929644
2.103993
-1.207852
-1.727814
-0.119831
1.344382
-0.449922
1.677655
0.186579
0.291808
-1.070631
-2.794357
-1.985415
0.923218
-0.360366
-0.436301
0.853051
0.330414
0.322959
0.958044
-0.134710
-0.277225
-0.450248
1.616443
-0.403996
0.832216
0.109054
-0.578846
0.414631
-1.258780
-0.843476
-0.691784
-1.150793
-1.654906
-1.171315
-3.054845
-0.777217
-1.836967
0.167457
0.708116
-0.156741
0.626532
1.571210
0.583621
-0.471805
-0.390673
1.475749
0.598500
-0.489292
0.748386
0.536043
-0.260672
0.203713
0.380392
0.142557
-0.672432
-2.914809
-0.620792
0.913141
2.724702
0.407054
-0.196370
1.019771
1.166373
0.083291
-2.626913
-1.078237
-0.445052
2.148864
-0.414232
0.103823
0.334436
-0.043465
-1.523118
-1.103705
0.129614
-0.481294
0.424601
0.655332
-0.258181
1.149747
1.154696
1.264079
-0.853941
0.223038
-1.078541
-1.497078
0.059062
1.249742
-0.552162
-0.224937
-0.014445
-0.571201
-0.557900
-0.358864
-2.499272
0.230659
-1.778772
-0.795761
1.540337
-0.143709
-0.487188
0.247533
-1.356104
0.898251
0.439666
0.674743
1.030260
0.071591
1.713958
0.019231
0.803349
1.491865
0.806406
1.442788
1.315210
-0.485629
-2.292344
-1.132092
-2.280053
0.006059
-0.841131
-1.338370
0.802911
-0.031289
-0.059665
0.302081
-0.425999
-0.193870
0.866934
0.366152
-1.205673
-0.779933
0.185624
-0.221157
-1.939780
-1.397329
0.269298
0.309429
-0.064343
0.365642
0.281755
0.894258
1.850376
2.151117
-1.572408
0.259284
0.118193
-1.722872
-0.078075
1.605454
0.094203
1.621216
1.095636
-0.442947
-0.769700
-1.217765
-2.165847
-1.882943
-2.468810
-3.243142
-0.783020
-1.372567
-2.027534
-0.686919
0.104916
-0.154277
1.559179
1.784030
1.386030
2.535608
2.204300
1.118245
0.714430
0.394073
0.765551
0.576216
0.605069
-0.135237
0.140742
-1.658036
-1.911806
-3.049702
-2.418772
-0.844064
-0.296545
-0.597690
1.453864
-1.070987
2.420499
0.170230
-0.083497
0.742910
0.904990
0.980108
0.543771
2.789757
-0.219886
-1.456469
-0.478772
1.285866
1.615699
0.994417
-0.413503
0.928317
2.388725
-0.076984
0.849052
1.530690
-1.237192
1.359563
-0.076734
-0.611903
-0.651170
-0.187727
-0.235419
1.377913
1.078374
1.190501
-1.830953
-1.320905
-0.251935
-0.762523
-1.355948
-1.635802
-0.929533
-1.110507
-0.446110
-2.148220
-1.093201
-1.869285
2.357044
-0.022909
2.447239
2.639614
2.145290
-1.271489
0.803273
0.260855
-0.944324
-2.144993
0.416042
0.072052
1.214907
-0.838535
-2.066557
-1.705009
-1.152074
1.013626
-0.943831
-1.180965
-0.554755
0.040122
-0.035428
-0.321674
0.385761
0.202520
0.512827
1.717809
-0.063955
-0.862306
0.819382
-0.279895
0.517829
0.749268
0.216353
0.070277
0.773717
-0.097202
0.251519
-0.486425
1.561513
-0.081327
-2.949013
-1.027298
-1.601809
-1.840096
-0.836025
0.819731
1.649382
-0.378517
0.908465
-0.290937
0.700912
-1.339346
-2.040757
-1.419468
0.064928
0.162992
-0.146218
0.587276
0.790854
-1.764753
-0.123478
-0.084304
0.735570
0.574219
1.266679
-0.923251
0.338441
2.110000
-1.252028
-0.419839
-1.113846
0.741061
0.088411
0.961959
-0.835160
-0.945749
-1.688254
-0.482860
-1.786653
-0.622792
-1.191644
0.070523
-0.248193
-0.417377
1.479693
1.242048
-0.227444
1.438088
-0.613876
-1.695013
-0.756495
0.087978
-0.167607
-0.014923
0.520952
-1.370814
0.806408
0.892666
0.242458
0.922215
1.006271
-0.295283
-0.145243
0.519511
0.257057
-2.516907
-1.011558
0.057699
0.216987
0.148882
2.097105
1.005299
0.804072
0.656750
1.239743
-1.580409
0.316881
0.113455
-0.442421
0.103877
-0.499628
0.488269
0.528111
-1.249826
-1.786037
-0.146314
1.127463
0.469275
0.633251
0.632138
0.744520
-0.713906
-0.312648
-1.828407
-0.244359
-0.136956
-3.004040
-1.056354
0.399789
-1.841683
-2.858933
-1.733854
-1.358362
-0.799254
-1.228830
-1.549559
-0.325063
1.379268
0.806441
0.082656
0.111051
-0.624239
-0.194864
1.474694
1.149966
-0.361986
0.635830
-1.593130
-1.058060
-1.053620
-0.718617
-0.943355
1.033205
0.339200
1.881209
1.711538
0.477489
-1.946547
1.620886
-0.100854
-1.333857
2.068001
0.076186
1.293313
-0.316927
-0.706539
-0.568627
-0.171130
0.285733
-0.097881
-0.567997
0.425829
1.135896
0.045463
-0.057783
0.274695
-0.016049
1.109694
-0.055570
1.298975
1.219580
-0.584711
0.332872
-0.466212
-0.740386
-0.850142
-1.570079
0.775763
-1.536426
0.475371
-1.599821
-0.971567
-1.563509
0.379084
-2.006630
-0.199273
1.110295
-0.793047
-0.191128
0.206832
1.038171
0.599406
0.473066
0.334874
-0.810987
-0.063433
-1.474773
-1.020326
-1.209842
-0.562836
-1.911122
0.385175
-0.785092
0.152871
0.175949
0.504840
1.892541
-1.577117
1.218293
2.864009
4.046345
0.629617
-0.340436
-0.126499
-2.155965
-1.041681
-1.946609
0.038306
-0.021895
2.041665
-0.507644
2.445166
-0.084298
0.044572
0.470243
0.723782
1.350335
0.632836
-0.725025
0.110617
-2.113839
-0.337974
-0.028811
-0.708916
-0.476249
0.232441
-2.777284
-0.406889
-0.793853
-1.084994
0.968522
1.593448
0.521137
0.231633
0.699939
-0.854032
0.212006
-1.749287
0.809839
-0.353279
-0.531058
-2.739175
-2.146325
1.106474
-1.237084
-0.137286
-1.347502
1.986635
0.061294
2.115676
-0.332507
0.782062
-0.005874
1.390734
1.327640
2.587347
2.053735
0.551027
-0.748432
-1.630372
0.964744
-1.661428
-0.508457
0.197049
-0.038763
-0.726573
0.570363
1.237995
0.777638
-1.037148
-0.057196
-0.075500
-1.301871
-0.642636
-1.342905
0.056761
-2.602870
-3.284528
-2.051719
-0.407053
-0.748534
-1.113833
-1.352682
0.068431
1.342064
1.934082
-0.721107
-0.772253
0.301823
1.399868
-1.395264
0.480361
-1.613062
0.737276
0.508328
-0.189875
-0.639537
-0.540548
0.145253
-0.069151
0.031127
-0.885289
-0.065408
0.468157
0.532575
1.940798
0.424881
1.653131
0.813254
-0.542203
-2.155676
-1.736950
2.060340
2.448414
-0.281600
1.579739
0.445817
0.783693
0.699324
0.598144
0.462080
-0.805330
-0.433619
-2.135803
0.101725
-0.108519
-2.481020
-1.093117
-2.135444
-1.359752
0.837375
-1.489787
0.171675
-0.272463
-0.993847
1.635445
-0.275510
-1.940760
-0.254029
-0.039216
-1.950282
-1.827898
2.110881
-0.104908
-0.057877
-1.013501
1.314257
0.437662
0.174367
1.346706
1.332204
2.340216
1.676603
-0.109570
0.460274
-1.477901
0.211291
-0.056378
-0.068655
3.829029
1.686508
1.939478
1.900226
0.692025
0.891919
-0.537887
-2.367826
-0.648211
0.892374
-0.555823
-1.001954
-0.564397
-0.941181
-2.186956
-0.771202
0.223348
1.715666
1.794592
-2.123375
-0.884311
-1.933424
0.141402
0.516930
-0.817867
0.117458
0.643631
0.276484
0.823181
0.038350
1.059586
1.836238
-0.267991
0.828398
0.376712
1.775352
-0.372848
-0.937712
-2.608156
-0.238981
1.403537
0.416436
1.153225
0.327355
0.591523
0.680863
1.103734
1.271818
-0.533571
-0.792335
-0.229697
0.194098
-0.244729
-0.477548
1.235703
-1.093100
0.366328
-1.106471
1.153651
-0.527780
-1.543580
-1.128908
0.355176
-0.488318
-1.591343
-1.801596
0.210775
0.435687
1.190256
0.024755
-0.581582
0.384422
1.531161
-0.101793
-0.899476
-0.054644
-0.710005
-1.516817
1.987429
2.098583
0.794019
0.317977
-0.532280
-0.819349
-0.677596
-1.159930
1.115657
-0.275310
0.489060
-0.373876
-0.325428
1.476706
-0.311017
0.002735
-0.526715
0.050050
0.610188
-0.658286
-0.479645
0.028407
-1.094410
-0.116626
0.213722
2.144367
-0.072903
1.143218
-0.958592
-1.062106
-0.220679
0.785201
-1.584865
1.248562
-0.689109
-0.734728
-0.676619
-1.193281
-0.881473
-0.416193
1.890266
-1.866433
-1.253833
0.734136
-2.629363
-1.132696
1.464157
0.293024
-0.394544
-1.351927
0.147453
-2.128953
0.397505
-1.797811
-1.098124
0.406182
2.480303
1.198144
1.574984
0.718772
0.156545
-0.931027
1.541421
-0.570909
0.479813
0.135072
0.529737
1.858032
0.374657
-0.902818
-0.898213
0.143601
0.137888
-0.679343
0.421371
0.047125
-0.274037
-0.827248
0.392616
0.809489
0.342535
0.447741
0.182585
0.819091
0.036597
-0.051629
0.494766
-0.870641
2.179121
0.860494
-2.275819
-0.301965
0.544107
-1.745085
-0.182571
-0.744966
-1.645483
-0.691664
-0.720506
-1.778986
0.660850
-0.854298
1.848776
0.521305
0.325260
1.463992
0.616343
-0.682440
0.528174
0.694137
-0.952253
-0.924556
0.732299
-0.369111
-0.513504
1.221408
0.241161
2.143570
0.251967
-0.785111
0.565472
0.490654
-2.260611
0.965909
0.116043
-0.452891
0.261982
0.100927
-0.534408
0.248612
-0.447420
2.370287
-0.235433
-0.082236
-2.086246
1.036218
2.522726
1.416179
-0.280937
1.701049
0.545538
-0.294300
-0.684408
0.816938
-0.512084
0.453873
-0.643743
-0.052044
0.865713
1.351589
1.852811
1.675890
-0.384800
-0.055972
0.343765
0.372914
0.720690
